185
165
128
192
150
110
112
196
128
128
146
187
199
134
103
120
191
119
114
105
101
123
106
185
194
148
109
176
103
185
152
117
108
108
130
150
179
118
196
136
143
100
1000386
1000324
136
109
188
113
190
168
100
167
160
194
124
147
115
103
178
114
188
188
116
158
113
179
103
179
150
192
133
179
169
120
119
128
113
186
153
148
181
132
121
140
191
138
1000391
1000219
167
114
121
191
120
176
183
175
166
100
184
139
156
157
110
140
166
149
130
146
104
103
115
119
129
123
185
146
1000315
1000144
108
171
114
193
176
117
199
145
166
133
174
153
185
182
108
121
123
121
150
142
112
119
103
130
108
157
161
179
110
141
114
124
172
100
159
101
162
147
100
170
163
173
191
110
183
121
120
181
140
157
112
113
187
175
159
100
118
187
132
142
108
158
174
143
172
134
120
165
134
183
149
156
101
155
162
137
151
106
165
131
111
142
100
115
